-1.5708 0 
-1.50549 0.631573 
-1.3343 1.02461 
-1.12112 1.04121 
-0.94193 0.700293 
-0.982519 -1.09537 
-1.35595 -2.52698 
-1.93033 -3.02974 
-2.49619 -2.48181 
-2.88356 -1.33796 
-3.02128 -0.0312611 
-2.89594 1.2777 
-2.51946 2.43665 
-1.83993 4.17981 
-0.948472 4.45162 
-0.149946 3.40142 
0.39586 2.08068 
0.701444 1.02786 
0.678712 -1.26002 
0.178494 -3.81326 
-0.765593 -5.54525 
-1.94268 -5.86065 
-2.97723 -4.28073 
-3.6313 -2.29838 
-3.92185 -0.664341 
-3.90883 0.797535 
-3.5889 2.46249 
-2.89937 4.46008 
-1.83769 5.92373 
-0.612831 5.9598 
0.373192 3.86947 
0.965429 2.17404 
1.28848 1.15149 
1.45521 0.568927 
1.53109 0.214456 
1.56058 0.0900111 
1.56949 0.00205086 
1.56145 -0.085078 
1.55395 0.00761531 
1.55444 -0.00249397 

