-1.5708 0 
-1.54341 0.264863 
-1.47164 0.429244 
-1.38266 0.43156 
-1.3099 0.272764 
-1.28033 0.0135288 
-1.30482 -0.250654 
-1.37438 -0.422642 
-1.46324 -0.437062 
-1.58373 -0.728264 
-1.67562 -0.16047 
-1.64382 0.468087 
-1.50037 0.919204 
-1.2996 1.02337 
-1.1163 0.753412 
-1.11464 -0.737371 
-1.39392 -1.96861 
-1.85251 -2.46729 
-2.3207 -2.08171 
-2.64546 -1.10166 
-2.74698 0.100459 
-2.60637 1.28548 
-2.19108 2.77704 
-1.5542 3.39405 
-0.918681 2.76611 
-0.504948 1.28441 
-0.422376 -0.470367 
-0.687525 -2.13661 
-1.24052 -3.24629 
-1.85344 -2.68315 
-2.24794 -1.14817 
-2.28879 0.74985 
-1.96321 2.4162 
-1.37988 3.22785 
-0.751738 2.87491 
-0.281058 1.75759 
-0.0629527 0.412206 
-0.117291 -0.954228 
-0.440742 -2.25251 
-1.10529 -4.24537 
-2.04279 -4.82787 
-2.93015 -3.87402 
-3.51075 -1.95043 
-3.72607 -0.235949 
-3.60831 1.43334 
-3.1376 3.31154 
-2.28886 5.06689 
-1.20736 5.40821 
-0.249382 3.97035 
0.35086 2.04568 
0.584442 0.325572 
0.485471 -1.33218 
-0.00552378 -3.61916 
-0.955334 -5.74412 
-2.11803 -5.51326 
-3.04385 -3.59183 
-3.54 -1.39727 
-3.61481 0.638435 
-3.2779 2.76576 
-2.50348 4.92171 
-1.38647 5.91832 
-0.287923 4.80984 
0.498106 3.08138 
0.979449 1.83838 
1.27295 1.18289 
1.48253 0.979705 
1.69081 1.17067 
1.98166 1.829 
2.46616 3.14164 
3.28595 5.13039 
4.43537 6.12618 
5.59524 5.12166 
6.39909 2.84949 
6.73842 0.577287 
6.63577 -1.61761 
6.0795 -3.96272 
5.07742 -5.85505 
3.87072 -5.84013 
2.84912 -4.31025 
2.09284 -3.40517 
1.41097 -3.6289 
0.548877 -5.22305 
-0.655409 -6.80578 
-2.07115 -6.91848 
-3.26106 -4.81558 
-4.00363 -2.72702 
-4.40347 -1.3853 
-4.5924 -0.563992 
-4.64395 0.0317683 
-4.57884 0.640343 
-4.37095 1.50427 
-3.94003 2.92441 
-3.14962 5.08433 
-1.91376 7.05729 
-0.497179 6.69553 
0.683459 5.1514 
1.64133 4.70719 
2.6856 6.012 
4.02065 7.25615 
5.45589 6.64817 
6.55877 4.29347 
7.19542 2.19139 
7.47894 0.724436 
7.50283 -0.478178 
7.27588 -1.85761 
6.72012 -3.82033 
5.71254 -6.24192 
4.31156 -7.3504 
3.04227 -5.1465 
2.24944 -2.90776 
1.82288 -1.48213 
1.61887 -0.623529 
1.55689 -0.016387 
1.55586 0.00573958 

