SE2 0.3
1 1 0 0 
0.968604 1.00466 -0.220778 -0.219184 
0.879003 1.0367 -0.441555 -0.438369 
0.744578 1.12085 -0.662333 -0.657553 
0.586424 1.27667 -0.88311 -0.876738 
0.431612 1.5165 -1.10389 -1.09592 
0.310939 1.84386 -1.32467 -1.31511 
0.256298 2.25255 -1.54544 -1.53429 
0.29787 2.72649 -1.76622 -1.75348 
0.461318 3.24032 -1.987 -1.97266 
0.765201 3.76071 -2.20778 -2.19184 
1.19949 4.27884 -2.32662 -2.47336 
1.75153 4.79776 -2.44547 -2.75487 
2.42681 5.29607 -2.56432 -3.03639 
3.13158 5.86957 -2.35503 -3.24143 
3.73912 6.62314 -2.14575 -3.44647 
4.24718 7.45452 -2.09246 -3.27384 
4.68646 8.26773 -2.03918 -3.10122 
5.0604 9.05794 -1.9859 -2.92859 
5.37277 9.82061 -1.93261 -2.75597 
5.62761 10.5516 -1.87933 -2.58334 
5.91032 11.2375 -2.04465 -2.53889 
6.29525 11.8566 -2.20998 -2.49444 
6.76831 12.3942 -2.3753 -2.44998 
7.31342 12.8385 -2.54063 -2.40553 
7.91303 13.1807 -2.70596 -2.36108 
8.5487 13.415 -2.87128 -2.31663 
9.15955 13.5688 -2.91995 -2.02788 
9.69504 13.6762 -2.96862 -1.73912 
10.1523 13.745 -3.01729 -1.45037 
10.5291 13.7831 -3.06595 -1.16161 
10.8237 13.7986 -3.11462 -0.872858 
11.0349 13.7995 -3.16329 -0.584104 
11.1623 13.7939 -3.21196 -0.295349 
11.2059 13.7901 -3.26062 -0.00659474 
11.1664 13.7962 -3.30929 0.28216 
11.0572 13.7999 -3.06339 0.473203 
10.8829 13.805 -3.26356 0.731375 
10.6813 13.814 -3.10631 0.661914 
10.5007 13.7936 -2.94907 0.592454 
10.345 13.7506 -2.79182 0.522994 
10.2162 13.6921 -2.63457 0.453533 
10.115 13.6252 -2.47733 0.384073 
10.0403 13.557 -2.32008 0.314613 
9.98965 13.4936 -2.16283 0.245152 
9.96724 13.4608 -2.18201 0.0289033 
9.94334 13.4327 -2.33175 0.225583 
9.87324 13.3703 -2.48148 0.422263 
9.74712 13.2876 -2.63122 0.618943 
9.5584 13.2006 -2.78096 0.815623 
9.31852 13.0687 -2.50958 1.07794 
9.0682 12.8247 -2.2382 1.34025 
8.85399 12.4572 -1.96682 1.60257 
8.72663 11.9724 -1.69544 1.86488 
8.70962 11.4585 -1.5092 1.68642 
8.7801 11.0013 -1.32296 1.50796 
8.91673 10.6139 -1.13672 1.3295 
9.09673 10.3031 -0.950482 1.15103 
9.29734 10.0701 -0.764242 0.97257 
9.49717 9.91038 -0.578002 0.794107 
9.67055 9.82772 -0.293269 0.535006 
9.78613 9.80834 -0.00853582 0.275906 

