SE2 0.3
1 1 0 0 
1.03604 1.0019 0.0789695 0.248921 
1.14348 1.01516 0.157939 0.497843 
1.3203 1.05102 0.236909 0.746764 
1.56317 1.1204 0.315878 0.995686 
1.86747 1.23384 0.394848 1.24461 
2.20064 1.35993 0.32846 1.21256 
2.53254 1.46093 0.262072 1.18052 
2.87915 1.58864 0.43953 1.37031 
3.24525 1.80323 0.616987 1.5601 
3.60955 2.11472 0.794444 1.74989 
3.94804 2.52811 0.971902 1.93968 
4.23507 3.04273 1.14936 2.12947 
4.44471 3.65189 1.32682 2.31927 
4.55202 4.34279 1.50427 2.50906 
4.53446 5.09674 1.68173 2.69885 
4.47734 5.84283 1.61163 2.46266 
4.473 6.5226 1.54153 2.22647 
4.51189 7.13266 1.47144 1.99028 
4.58423 7.67064 1.40134 1.7541 
4.68017 8.13518 1.33124 1.51791 
4.79819 8.5626 1.2717 1.54056 
4.94355 8.98846 1.21215 1.56322 
5.11649 9.41099 1.15261 1.58587 
5.3171 9.8284 1.09307 1.60853 
5.59545 10.2252 0.828585 1.74377 
5.99784 10.5605 0.5641 1.87901 
6.5094 10.7953 0.299614 2.01424 
7.10311 10.8947 0.0351293 2.14948 
7.6887 10.8504 -0.190818 1.90923 
8.18312 10.6967 -0.416765 1.66899 
8.57057 10.4714 -0.642713 1.42874 
8.84708 10.2126 -0.86866 1.18849 
9.01996 9.9563 -1.09461 0.948242 
9.11593 9.73409 -1.2381 0.7225 
9.16226 9.56363 -1.38158 0.496757 
9.18797 9.43639 -1.36041 0.398521 
9.21013 9.33752 -1.33924 0.300284 
9.22366 9.2655 -1.43711 0.205262 
9.22775 9.21996 -1.53498 0.110241 
9.22774 9.20177 -1.63285 0.0152199 
9.229 9.21105 -1.73073 -0.0798014 
9.23687 9.24711 -1.8286 -0.174823 
9.25655 9.30848 -1.92647 -0.269844 
9.29297 9.39296 -2.02434 -0.364865 
9.35074 9.49762 -2.12221 -0.459887 
9.41459 9.60759 -2.07062 -0.417239 
9.46704 9.70971 -2.01904 -0.374592 
9.50909 9.80312 -1.96745 -0.331944 
9.54178 9.88705 -1.91586 -0.289297 
9.56622 9.96081 -1.86428 -0.24665 
9.58481 10.0036 -2.14701 -0.0760606 
9.58218 10.0024 -2.42975 0.0945284 
9.53781 9.97526 -2.71249 0.265117 
9.47839 9.93835 -2.45049 0.218691 
9.4397 9.89714 -2.1885 0.172265 
9.41928 9.85918 -1.9265 0.125839 
9.41238 9.83031 -1.66451 0.0794126 
9.41269 9.81406 -1.40251 0.0329864 
9.41325 9.81127 -1.14052 -0.0134398 
9.40736 9.82009 -0.87852 -0.059866 
9.38954 9.83621 -0.616525 -0.106292 
9.35628 9.85342 -0.354529 -0.152718 
9.32324 9.86214 -0.140349 -0.083383 
9.30916 9.86297 0.0738312 -0.0140475 
9.31497 9.86439 0.288011 0.055288 
9.34836 9.87148 0.154063 0.180293 
9.41848 9.8772 0.0201141 0.305299 
9.52493 9.8718 -0.113835 0.430304 
9.66534 9.84573 -0.247783 0.55531 
9.82904 9.81435 -0.132282 0.59487 

