SE2 0.3
1 1 0 0 
1.00078 1.00004 0.0686026 0.00537774 
1.0031 1.00028 0.137205 0.0107555 
1.00694 1.00096 0.205808 0.0161332 
1.01224 1.00227 0.27441 0.021511 
1.01892 1.00441 0.343013 0.0268887 
1.02566 1.00738 0.492911 0.0239416 
1.03115 1.01088 0.64281 0.0209945 
1.03542 1.01459 0.792708 0.0180473 
1.04659 1.0258 0.783208 0.091104 
1.07296 1.05177 0.773707 0.164161 
1.1148 1.09223 0.764207 0.237217 
1.16481 1.13153 0.562328 0.20219 
1.21261 1.15549 0.360449 0.167163 
1.25444 1.16677 0.15857 0.132136 
1.28756 1.16885 -0.0433083 0.0971087 
1.31039 1.16571 -0.245187 0.0620816 
1.32258 1.16149 -0.447066 0.0270545 
1.32503 1.1602 -0.648945 -0.00797265 
1.35461 1.14046 -0.5597 0.253268 
1.45174 1.08612 -0.470456 0.514509 
1.62229 1.00938 -0.381211 0.77575 
1.87049 0.923131 -0.291966 1.03699 
2.19883 0.840804 -0.202722 1.29823 
2.60798 0.776143 -0.113477 1.55947 
3.09682 0.742995 -0.0242323 1.82071 
3.66239 0.755092 0.0650124 2.08195 
4.29991 0.825835 0.154257 2.3432 
5.00283 0.968079 0.243502 2.60444 
5.74254 1.25354 0.489019 2.87742 
6.45532 1.75558 0.734537 3.15039 
7.07639 2.47552 0.980054 3.42337 
7.53946 3.3953 1.22557 3.69635 
7.89063 4.36699 1.22239 3.4292 
8.21833 5.26478 1.2192 3.16204 
8.5221 6.08883 1.21601 2.89488 
8.80145 6.8393 1.21283 2.62773 
9.05594 7.51635 1.20964 2.36057 
9.28509 8.12016 1.20645 2.09341 
9.49043 8.67738 1.22916 2.00216 
9.67449 9.21407 1.25186 1.91091 
9.77847 9.72074 1.49037 1.66465 
9.76258 10.1664 1.72888 1.41839 
9.66134 10.5272 1.96739 1.17213 
9.49703 10.8455 2.12473 1.30042 
9.2629 11.164 2.28206 1.42872 
8.95536 11.4681 2.4394 1.55702 
8.64323 11.7706 2.3027 1.44281 
8.39562 12.0867 2.166 1.32861 
8.21003 12.405 2.02931 1.2144 
8.10288 12.6982 1.80339 0.943576 
8.0735 12.9303 1.57748 0.672748 
8.08852 13.085 1.35157 0.40192 
8.11228 13.1584 1.12566 0.131092 
8.11036 13.1581 0.899743 -0.139736 
8.05893 13.099 0.822398 -0.40083 
7.94946 12.9906 0.745053 -0.661925 
7.8296 12.8632 0.891472 -0.545603 
7.7488 12.7474 1.03789 -0.429282 
7.70072 12.6512 1.18431 -0.31296 
7.67758 12.5811 1.33073 -0.196639 
7.67051 12.5416 1.47715 -0.0803175 
7.66997 12.5352 1.62357 0.0360039 
7.66613 12.5622 1.76999 0.152325 
7.64933 12.6208 1.91641 0.268647 
7.61045 12.7071 2.06283 0.384968 
7.54133 12.8153 2.20925 0.50129 
7.45696 12.9344 2.16524 0.50522 
7.3773 13.058 2.12123 0.50915 
7.30258 13.186 2.07722 0.51308 
7.23303 13.3182 2.03322 0.51701 
7.16888 13.4543 1.98921 0.52094 
7.11033 13.5942 1.9452 0.52487 
7.0666 13.7126 1.90107 0.345591 
7.0439 13.7833 1.85694 0.166312 
7.03792 13.8047 1.81282 -0.0129672 
7.04422 13.7756 1.76869 -0.192246 
7.05833 13.6951 1.72456 -0.371526 
7.0757 13.5625 1.68043 -0.550805 
7.10949 13.3918 1.84741 -0.650461 
7.18134 13.2021 2.0144 -0.750116 
7.29825 13.0021 2.18138 -0.849772 
7.46524 12.802 2.34836 -0.949428 
7.68506 12.6137 2.51535 -1.04908 
7.95784 12.4497 2.68233 -1.14874 
8.28094 12.3226 2.84931 -1.2484 
8.6054 12.1905 2.65818 -1.17145 
8.88019 12.0112 2.46705 -1.09451 
9.09994 11.7986 2.27591 -1.01757 
9.26254 11.5664 2.08478 -0.940625 
9.36901 11.3278 1.89365 -0.863683 
9.42319 11.0951 1.70252 -0.78674 
9.43138 10.8786 1.51138 -0.709798 
9.40172 10.6865 1.32025 -0.632855 
9.34367 10.5244 1.12912 -0.555913 
9.27982 10.3981 1.07415 -0.420596 
9.22876 10.3094 1.01919 -0.285279 
9.19438 10.2565 0.964223 -0.149962 
9.18038 10.2371 0.909258 -0.0146449 
9.1903 10.2489 0.854294 0.120672 
9.21624 10.2737 0.673928 0.127278 
9.24781 10.2945 0.493561 0.133883 
9.28436 10.3101 0.313195 0.140489 
9.32498 10.3193 0.132829 0.147094 
9.3685 10.3211 -0.0475374 0.1537 
9.41353 10.3148 -0.227904 0.160305 
9.45853 10.3 -0.40827 0.166911 
9.50181 10.2764 -0.588636 0.173516 
9.54165 10.2442 -0.769003 0.180122 
9.57632 10.204 -0.949369 0.186728 
9.60185 10.1678 -0.963249 0.118499 
9.6157 10.1477 -0.977129 0.0502707 
9.61831 10.1438 -0.99101 -0.0179576 
9.63705 10.1188 -0.89995 0.233541 
9.70587 10.0406 -0.80889 0.48504 
9.7839 9.97099 -0.62665 0.236936 
9.80766 9.95626 -0.348149 -0.0439427 
9.80443 9.95741 -0.247749 0.020295 
9.81936 9.95458 -0.147348 0.0845327 
9.83965 9.95289 -0.00982896 0.0560143 
9.84538 9.95284 -0.00331626 -0.0165218 
9.84339 9.95285 -0.00167597 0.00284799 
9.84703 9.95285 -3.56776e-05 0.0222178 
9.84825 9.95284 0.0104492 -0.0138017 

