-1.5708 0 
-1.48101 0.868359 
-1.24556 1.41034 
-0.950959 1.44954 
-0.69613 1.03767 
-0.553388 0.362625 
-0.556186 -0.390126 
-0.703923 -1.05896 
-0.961762 -1.45709 
-1.40588 -2.85024 
-1.89912 -1.9215 
-2.12753 -0.295288 
-2.01059 1.43117 
-1.58887 2.65194 
-1.01696 2.88704 
-0.496554 2.20131 
-0.324884 -0.505645 
-0.693636 -3.12591 
-1.52059 -4.90678 
-2.38049 -3.43591 
-2.83149 -1.00214 
-2.77156 1.59546 
-2.21103 3.90268 
-1.29175 4.99944 
-0.328853 4.40697 
0.432175 3.21891 
0.926661 1.82823 
1.20104 0.993794 
1.34862 0.527932 
1.42591 0.26957 
1.46356 0.119115 
1.47671 0.0166266 
1.47065 -0.0791549 
1.45911 -0.0399488 
1.45361 -0.0168364 
1.45193 -0.000502015 
1.4534 0.0156304 
1.45767 0.0285047 
1.46556 0.0528598 
1.46605 -0.0478024 
1.45968 -0.0178739 
1.45842 0.00485365 
1.46175 0.0295363 
1.51274 0.496815 
1.55404 -0.0703758 
1.54285 -0.0451673 
1.53477 -0.0382625 
1.52653 -0.046859 
1.51947 -0.0260303 
1.5189 0.0201549 
1.52234 0.0154263 
1.52548 0.0169439 
1.52819 0.0110259 
1.53018 0.00957371 
1.53227 0.0119994 
1.5353 0.0192859 
1.53837 0.0123497 
1.54017 0.00627441 
1.54104 0.00274153 
1.54134 0.000319549 
1.54118 -0.00197294 
1.5411 0.00114848 
1.54167 0.00473528 
1.54312 0.0102409 
1.54489 0.00805364 
1.54656 0.00913015 
1.54802 0.00597414 
1.54911 0.00523939 
1.55026 0.00662819 
1.55163 0.00753817 
1.55347 0.0115036 
1.55555 0.00998552 
1.55773 0.0125151 
1.55935 0.00414774 
1.5595 -0.00253829 
1.55826 -0.0102533 
1.55676 -0.00527161 
1.55601 -0.00242686 
1.55572 -0.000565853 
1.55577 0.00106578 
1.55618 0.00312944 
1.55711 0.00646164 
1.55835 0.00636798 
1.55983 0.00885571 

