-1.5708 0 
-1.42297 1.42977 
-1.03481 2.33157 
-0.540903 2.49298 
-0.0706853 2.16357 
0.319879 1.75839 
0.646704 1.55942 
0.990167 1.95629 
1.47293 3.01791 
2.27611 5.26058 
3.36232 5.71216 
4.52845 5.68262 
5.5011 3.74753 
5.95629 0.729984 
5.78538 -2.41829 
5.02317 -5.01793 
3.89701 -5.89537 
2.76281 -5.38136 
1.69663 -5.54666 
0.387794 -7.8986 
-1.27248 -8.48994 
-2.8268 -6.63103 
-3.86457 -3.82269 
-4.41523 -1.8351 
-4.64427 -0.52861 
-4.64068 0.565652 
-4.40302 1.88685 
-3.83924 3.904 
-2.98235 4.74021 
-1.96488 5.23422 
-1.00628 4.04505 
-0.435025 1.54827 
-0.406665 -1.26823 
-0.926938 -3.83309 
-1.85979 -5.20063 
-2.88595 -4.83372 
-3.4707 -1.02788 
-3.30288 2.72132 
-2.37879 6.4425 
-0.841323 8.45666 
0.864419 8.60629 
2.43882 7.61654 
4.02028 8.15832 
5.55971 6.76109 
6.61057 3.69192 
7.05862 0.86818 
6.97253 -1.74831 
6.33313 -4.726 
5.08695 -7.53229 
3.48512 -8.03566 
1.93687 -7.6472 
0.327086 -8.89726 
-1.49738 -9.04455 
-3.09265 -6.54877 
-4.09546 -3.6271 
-4.61573 -1.73403 
-4.83453 -0.525039 
-4.83968 0.471956 
-4.63323 1.65947 
-4.13224 3.50441 
-3.15935 6.38191 
-1.74014 7.53185 
-0.318081 6.31113 
0.679577 3.73073 
1.22928 1.91297 
1.49162 0.793779 
1.56782 -0.00706776 
1.5668 -0.00337954 

